STARLINK-31
1 44235U 19029A   20121.16667824  .00010222  00000-0  60298-3 0  9990
2 44235  53.0001  69.7990 0001400  63.8672 242.4346 15.12108772 52912
STARLINK-22
1 44236U 19029B   20121.41667824 -.00033970  00000-0 -44199-3 0  9998
2 44236  53.0028  42.2170 0011722  60.1880 308.3970 15.57809061 53315
STARLINK-23
1 44237U 19029C   20121.16667824 -.00002041  00000-0 -10005-3 0  9995
2 44237  52.9965  69.5695 0001281  86.1416 184.1724 15.12116828 51790
STARLINK-24
1 44238U 19029D   20121.13447977  .00004453  00000-0  26717-3 0  9992
2 44238  52.9980  68.7196 0001221  67.9538 292.1582 15.12837909 51726
STARLINK-25
1 44239U 19029E   20121.25001157  .00025749  00000-0  14903-2 0  9996
2 44239  53.0044  69.6908 0001469  78.8578  15.3262 15.12095704  1870
STARLINK-26
1 44240U 19029F   20121.41667824 -.00027041  00000-0 -57351-3 0  9999
2 44240  53.0082  33.8552 0001071  89.8208  60.8837 15.44175240 52310
STARLINK-27
1 44241U 19029G   20121.25001157  .00026562  00000-0  15368-2 0  9999
2 44241  53.0028  69.5617 0001497  60.6459 357.7966 15.12092536 51801
STARLINK-28
1 44242U 19029H   20121.16667824  .00039109  00000-0  51732-3 0  9996
2 44242  52.9936  37.3111 0002844  78.6799 129.0776 15.57957876 52236
STARLINK-29
1 44243U 19029J   20121.25001157 -.00032635  00000-0 -42891-3 0  9993
2 44243  53.0022 345.4772 0011343  58.3118 358.2269 15.57528247  1889
STARLINK-30
1 44244U 19029K   20121.25001157  .00032025  00000-0  18464-2 0  9993
2 44244  52.9994  69.0851 0001857  59.4463 244.7848 15.12122106  1862
STARLINK-21
1 44245U 19029L   20121.41667824 -.00007949  00000-0 -43915-3 0  9990
2 44245  52.9955  68.5095 0001391  72.7215 143.2364 15.12153058 51805
STARLINK-33
1 44247U 19029N   20121.25001157  .00038371  00000-0  51211-3 0  9994
2 44247  53.0042  38.6013 0002976  74.4291 198.1197 15.57727896 52256
STARLINK-34
1 44248U 19029P   20121.25001157  .00050822  00000-0  64585-3 0  9998
2 44248  52.9993  48.3083 0002148  53.2022 199.6657 15.58908350 52022
STARLINK-61
1 44249U 19029Q   20121.25001157  .00044442  00000-0  21620-2 0  9992
2 44249  52.9986  58.0862 0005961 216.1063  45.9070 15.17974789  1861
STARLINK-36
1 44250U 19029R   20121.25001157  .00030752  00000-0  17739-2 0  9999
2 44250  52.9983  69.1803 0001826  73.8308 260.3641 15.12123873  1866
STARLINK-37
1 44251U 19029S   20121.25001157  .00031573  00000-0  18216-2 0  9993
2 44251  52.9805  68.2885 0001769  72.5582 267.6638 15.12103902  1863
STARLINK-71
1 44252U 19029T   20121.29985839 -.00000586  00000-0 -16523-4 0  9999
2 44252  53.0019  68.0955 0001109  51.6213 308.4878 15.12184335 51747
STARLINK-39
1 44253U 19029U   20121.25001157  .00031280  00000-0  18047-2 0  9992
2 44253  53.0025  69.5253 0001581  69.1874 336.9827 15.12108930 51784
STARLINK-32
1 44254U 19029V   20121.16667824 -.00001699  00000-0 -80462-4 0  9997
2 44254  52.9965  69.5623 0001493  74.1126 190.1976 15.12109671  1856
STARLINK-66
1 44255U 19029W   20121.25001157  .00037891  00000-0  50722-3 0  9995
2 44255  53.0019  38.3778 0002616  73.8148 173.6751 15.57654812  1883
STARLINK-42
1 44256U 19029X   20121.41667824 -.00036633  00000-0 -47702-3 0  9992
2 44256  52.9933  38.6657 0003602  94.0821 175.9461 15.57914278 52148
STARLINK-43
1 44257U 19029Y   20121.41667824 -.00028339  00000-0 -91830-3 0  9998
2 44257  53.0028  21.8529 0002514  69.4062 154.4201 15.31222878 52483
STARLINK-40
1 44258U 19029Z   20121.25001157  .00029752  00000-0  17181-2 0  9996
2 44258  52.9976  69.1890 0001505  75.9939 276.2206 15.12101969  1864
STARLINK-52
1 44259U 19029AA  20121.25001157 -.00038219  00000-0 -50376-3 0  9991
2 44259  53.0032 347.2261 0003122  89.9168 180.7558 15.57615759  1885
STARLINK-45
1 44260U 19029AB  20121.41667824 -.00005157  00000-0 -27897-3 0  9997
2 44260  53.0071  67.3091 0001358  74.9142 135.0544 15.12126371 51887
STARLINK-44
1 44261U 19029AC  20121.25001157  .00030017  00000-0  17335-2 0  9997
2 44261  52.9976  69.1684 0001494  71.6250 274.5597 15.12094724  1869
STARLINK-49
1 44262U 19029AD  20121.17217432  .00006935  00000-0  41429-3 0  9998
2 44262  53.0067  69.9239 0001417  98.1221 261.9930 15.12152891 51792
STARLINK-72
1 44263U 19029AE  20121.25001157  .00032056  00000-0  18490-2 0  9997
2 44263  53.0002  69.0318 0001510  75.2794 222.9455 15.12106618  1864
STARLINK-35
1 44264U 19029AF  20121.16667824 -.00003031  00000-0 -15686-3 0  9995
2 44264  52.9988  69.4993 0001642  77.7041 144.5594 15.12125758  1855
STARLINK-63
1 44265U 19029AG  20121.25001157  .00032257  00000-0  18605-2 0  9990
2 44265  52.9986  68.4944 0001404  77.3500 244.8625 15.12105233  1867
STARLINK-54
1 44266U 19029AH  20121.25001157  .00027639  00000-0  15981-2 0  9993
2 44266  52.9927  68.4733 0001686  68.4435  37.7525 15.12094049 51741
STARLINK-69
1 44267U 19029AJ  20121.25001157  .00028784  00000-0  16629-2 0  9996
2 44267  52.9975  68.3396 0001594  74.9129 319.3016 15.12103256 51799
STARLINK-55
1 44268U 19029AK  20121.41667824 -.00041781  00000-0 -54093-3 0  9996
2 44268  52.9940  36.9519 0002718  81.0847 114.4490 15.58133606 52215
STARLINK-57
1 44269U 19029AL  20121.16667824 -.00006579  00000-0 -36065-3 0  9994
2 44269  52.9964  69.2547 0001758  81.4743 254.8413 15.12126956 51813
STARLINK-58
1 44270U 19029AM  20121.16667824  .00017063  00000-0  21882-3 0  9995
2 44270  53.0014  48.9268 0003249  75.4133 179.6059 15.59293037  1877
STARLINK-59
1 44271U 19029AN  20121.25001157  .00032620  00000-0  18806-2 0  9994
2 44271  52.9976  68.4224 0001565  73.1864 213.0078 15.12115665  1869
STARLINK-51
1 44272U 19029AP  20121.25001157  .00031707  00000-0  18293-2 0  9990
2 44272  52.9974  69.0474 0001539  70.9388 239.2474 15.12102694  1867
STARLINK-60
1 44273U 19029AQ  20121.07978008  .00038473  00000-0  54754-3 0  9999
2 44273  52.9979 337.2953 0003700 268.5448  91.5138 15.55992546 53064
STARLINK-62
1 44274U 19029AR  20121.25001157  .00050332  00000-0  63818-3 0  9991
2 44274  53.0040  48.3324 0003147  79.5815 174.8467 15.58970012  1881
STARLINK-64
1 44275U 19029AS  20121.25001157  .00055547  00000-0  14937-2 0  9992
2 44275  52.9910  51.7471 0005966 149.7104  52.0553 15.37359965  1876
STARLINK-65
1 44276U 19029AT  20121.25001157  .00031764  00000-0  18317-2 0  9994
2 44276  53.0010  69.0040 0001746  68.3553 193.8365 15.12119078  1866
STARLINK-41
1 44277U 19029AU  20121.16667824  .00033416  00000-0  39348-3 0  9998
2 44277  53.0051  41.3902 0009484  63.0394 165.3524 15.61060281 52170
STARLINK-67
1 44278U 19029AV  20121.41667824  .00057800  12595-4  14300-3 0  9997
2 44278  52.9916 254.3793 0007659  51.7531 325.7287 15.96288494 54202
STARLINK-68
1 44279U 19029AW  20121.25001157  .00032580  00000-0  18787-2 0  9995
2 44279  52.9991  67.9787 0001512  71.7683 256.4134 15.12108609  1861
STARLINK-38
1 44280U 19029AX  20121.25001157  .00031643  00000-0  18248-2 0  9998
2 44280  53.0007  68.9659 0001845  57.6236 210.5376 15.12119994  1855
STARLINK-70
1 44281U 19029AY  20121.25001157  .00029476  00000-0  17019-2 0  9995
2 44281  52.9986  68.5288 0001394  80.5462 295.5656 15.12111662  1879
STARLINK-80
1 44282U 19029AZ  20121.12670629  .00006394  00000-0  26650-3 0  9994
2 44282  53.0207  36.8008 0005594  85.9234 274.2402 15.24953583 50650
STARLINK-56
1 44283U 19029BA  20121.25001157  .00032034  00000-0  18473-2 0  9996
2 44283  53.0006  69.0502 0001633  65.5318 214.6449 15.12115307  1917
STARLINK-73
1 44284U 19029BB  20121.16667824 -.00003706  00000-0 -19562-3 0  9993
2 44284  53.0004  69.4018 0001603  69.7208 110.5681 15.12132563 51788
STARLINK-50
1 44285U 19029BC  20121.25001157  .00031994  00000-0  18459-2 0  9996
2 44285  52.9986  69.0176 0001605  68.9399 223.3018 15.12098027  1857
STARLINK-75
1 44286U 19029BD  20121.33335648 -.00012549  00000-0 -15951-3 0  9993
2 44286  53.0045  39.5957 0011078  88.5884 225.1949 15.57668882 53274
STARLINK-76
1 44287U 19029BE  20121.16667824 -.00002507  00000-0 -12681-3 0  9999
2 44287  52.9963  69.5910 0001444  91.7470 184.5444 15.12118082  1855
STARLINK-79
1 44288U 19029BF  20121.25001157  .00031438  00000-0  18140-2 0  9999
2 44288  53.0035  69.6460 0001462  95.5779 346.6421 15.12103331  1872
STARLINK-48
1 44289U 19029BG  20121.25001157  .00042745  00000-0  19795-2 0  9990
2 44289  52.9984  44.6856 0002603  53.8459 268.2938 15.19711956  1862
STARLINK-78
1 44290U 19029BH  20121.25001157  .00034784  00000-0  20035-2 0  9995
2 44290  53.0031  69.5381 0001417  79.0918 357.1190 15.12117673 52863
STARLINK-77
1 44291U 19029BJ  20121.16667824 -.00010016  00000-0 -55854-3 0  9997
2 44291  53.0042  70.0960 0001370  78.5387 287.7608 15.12112510 52843
STARLINK-81
1 44292U 19029BK  20121.25001157  .00025436  00000-0  14731-2 0  9997
2 44292  53.0043  69.7444 0001671  67.2525  44.8226 15.12080331 52854
STARLINK-74
1 44293U 19029BL  20121.16667824 -.00000252  00000-0  26344-5 0  9993
2 44293  53.0028  69.9710 0001488  75.4859 242.8270 15.12121977 52843
STARLINK-53
1 44294U 19029BM  20121.08334491 -.00029870  00000-0 -17026-2 0  9998
2 44294  52.9975  69.1439 0001449  86.0358 342.3593 15.12150226  1838
STARLINK-1007
1 44713U 19074A   20121.41667824 -.00010603  00000-0 -70971-3 0  9993
2 44713  52.9970  70.1866 0001472  61.2039 202.9288 15.05576288 26507
STARLINK-1008
1 44714U 19074B   20121.25001157  .00026006  00000-0  17962-2 0  9999
2 44714  53.0024  70.9165 0001937  59.8023 110.5936 15.05604898 26482
STARLINK-1009
1 44715U 19074C   20121.41667824 -.00009383  00000-0 -62544-3 0  9995
2 44715  52.9955  70.2018 0001421  67.9749 340.2052 15.05591347 26493
STARLINK-1010
1 44716U 19074D   20121.25001157  .00030810  00000-0  24164-2 0  9991
2 44716  52.9980  68.8924 0001804  61.8108 289.0435 15.00717003  1850
STARLINK-1011
1 44717U 19074E   20121.41667824  .00020041  00000-0  13906-2 0  9996
2 44717  52.9963  90.1879 0001367  77.9215 202.1266 15.05582410 26223
STARLINK-1012
1 44718U 19074F   20121.25001157  .00029615  00000-0  20447-2 0  9994
2 44718  52.9969  70.9344 0001808  65.5356 230.7314 15.05552176  1851
STARLINK-1013
1 44719U 19074G   20121.25001157  .00033607  00000-0  23151-2 0  9996
2 44719  52.9973  70.9353 0001680  67.7416 174.5981 15.05572981 26472
STARLINK-1014
1 44720U 19074H   20121.25001157  .00025406  00000-0  17567-2 0  9990
2 44720  53.0004  70.9191 0007677 324.0787 188.1869 15.05557886  1862
STARLINK-1015
1 44721U 19074J   20121.25001157  .00028663  00000-0  19783-2 0  9991
2 44721  52.9902  70.9684 0001608  69.0947 137.2146 15.05581574 26475
STARLINK-1016
1 44722U 19074K   20121.25001157  .00027675  00000-0  19112-2 0  9990
2 44722  53.0028  70.9092 0001880  63.9116 124.4279 15.05577831 26480
STARLINK-1017
1 44723U 19074L   20121.25001157  .00023743  00000-0  16433-2 0  9996
2 44723  52.9974  70.9332 0001958  66.5552  49.7300 15.05578246 26479
STARLINK-1019
1 44724U 19074M   20121.25001157  .00029052  00000-0  20047-2 0  9992
2 44724  52.9966  70.9365 0001656  70.2271 244.1190 15.05583247 26477
STARLINK-1020
1 44725U 19074N   20121.41667824  .00023341  00000-0  16158-2 0  9993
2 44725  52.9965  90.1849 0001183  84.5408 339.3988 15.05579501 26215
STARLINK-1021
1 44726U 19074P   20121.16667824 -.00004202  00000-0 -26927-3 0  9999
2 44726  52.9969  71.3096 0001839  69.4303 170.9764 15.05592432 26465
STARLINK-1022
1 44727U 19074Q   20121.25001157 -.00018650  00000-0 -12636-2 0  9994
2 44727  53.0109 110.8594 0001500  75.6962 326.7322 15.05596842 25921
STARLINK-1023
1 44728U 19074R   20121.25001157  .00025785  00000-0  19438-2 0  9997
2 44728  52.9985  70.3441 0001625  67.5197 337.8674 15.02317553  1868
STARLINK-1024
1 44729U 19074S   20121.41667824  .00018669  00000-0  12971-2 0  9993
2 44729  52.9965  90.1819 0001577  83.3346 250.7057 15.05579648 26227
STARLINK-1025
1 44730U 19074T   20121.25001157  .00024538  00000-0  16981-2 0  9995
2 44730  52.9968  70.9359 0001568  63.1287  71.1507 15.05564342 26474
STARLINK-1026
1 44731U 19074U   20121.41667824 -.00005429  00000-0 -35339-3 0  9992
2 44731  52.9981  70.1881 0001719  52.8756  31.2557 15.05611725 26498
STARLINK-1027
1 44732U 19074V   20121.41667824  .00025842  00000-0  17865-2 0  9995
2 44732  52.9988  90.1856 0001431  65.8876  52.2051 15.05575064 26215
STARLINK-1028
1 44733U 19074W   20121.25001157  .00027570  00000-0  19055-2 0  9992
2 44733  52.9975  70.9374 0001796  69.3210 281.0441 15.05549599 26475
STARLINK-1029
1 44734U 19074X   20121.25001157  .00047967  00000-0  56744-3 0  9992
2 44734  52.9969  52.3761 0005429 131.2585 274.1863 15.60804033  1881
STARLINK-1030
1 44735U 19074Y   20121.08334491 -.00034550  00000-0 -23615-2 0  9990
2 44735  52.9987  91.6835 0001121  76.8816 357.4339 15.05613915 26163
STARLINK-1031
1 44736U 19074Z   20121.16667824 -.00019178  00000-0 -15444-2 0  9999
2 44736  52.9989  90.9633 0001544  72.9323 199.9096 14.99121584 26193
STARLINK-1032
1 44737U 19074AA  20121.41667824  .00019184  00000-0  13330-2 0  9995
2 44737  52.9968  90.1816 0001579  70.2609 227.8101 15.05558898 26224
STARLINK-1033
1 44738U 19074AB  20121.41667824  .00024298  00000-0  16820-2 0  9995
2 44738  52.9935  90.2074 0000947  68.9035 301.1619 15.05558673 26211
STARLINK-1052
1 44739U 19074AC  20121.33335648  .00050498  00000-0  34624-2 0  9996
2 44739  52.9964  90.5605 0001550  79.7556 234.4319 15.05556232 26209
STARLINK-1035
1 44740U 19074AD  20121.41667824  .00023496  00000-0  16267-2 0  9992
2 44740  52.9963  90.1857 0001517  68.4435 247.5930 15.05572250 26223
STARLINK-1036
1 44741U 19074AE  20121.16667824 -.00023329  00000-0 -15856-2 0  9995
2 44741  52.9983  91.3071 0001348  78.8671 267.2822 15.05617622 26183
STARLINK-1037
1 44742U 19074AF  20121.10665258  .00002144  00000-0  16508-3 0  9995
2 44742  52.9985  91.5045 0000026 228.3128 131.7857 15.05851972 26002
STARLINK-1038
1 44743U 19074AG  20121.25001157 -.00017280  00000-0 -11688-2 0  9996
2 44743  52.9979 110.9344 0001343  82.5505  67.8358 15.05606588  1858
STARLINK-1039
1 44744U 19074AH  20121.25001157 -.00019055  00000-0 -12912-2 0  9990
2 44744  52.9968 110.9371 0001449  79.0203  35.3936 15.05606164  1863
STARLINK-1040
1 44745U 19074AJ  20121.23759791  .00046630  00000-0  17214-3 0  9991
2 44745  52.9899  34.7324 0004284  53.2282 306.9134 15.87723052 26971
STARLINK-1041
1 44746U 19074AK  20121.16667824 -.00034614  00000-0 -23681-2 0  9994
2 44746  52.9981 111.3064 0001333  85.2253 351.3513 15.05579477  1846
STARLINK-1042
1 44747U 19074AL  20121.41667824  .00044740  00000-0  30721-2 0  9995
2 44747  53.0110 110.1167 0001590  68.4295 139.8212 15.05558782 25957
STARLINK-1043
1 44748U 19074AM  20121.25001157 -.00014508  00000-0 -97820-3 0  9994
2 44748  53.0017 110.9137 0001784  76.4833 163.9457 15.05592436 25921
STARLINK-1044
1 44749U 19074AN  20121.41667824  .00026549  00000-0  18340-2 0  9997
2 44749  52.9970  90.1882 0001280  62.5884 181.4306 15.05588719 26228
STARLINK-1045
1 44750U 19074AP  20121.25001157 -.00018820  00000-0 -12755-2 0  9991
2 44750  52.9961 110.9355 0001493  74.8877  21.5628 15.05591885  1862
STARLINK-1046
1 44751U 19074AQ  20121.25001157 -.00017980  00000-0 -12170-2 0  9999
2 44751  52.9960 110.9358 0001418  89.0659  43.3453 15.05607936 25924
STARLINK-1047
1 44752U 19074AR  20121.41667824  .00023710  00000-0  16412-2 0  9996
2 44752  52.9968  90.1890 0001633  71.8999 154.0999 15.05573916 26227
STARLINK-1048
1 44753U 19074AS  20121.16667824 -.00008468  00000-0 -56249-3 0  9997
2 44753  52.9978  71.3136 0001750  75.7192 254.6496 15.05592206 26469
STARLINK-1049
1 44754U 19074AT  20121.16667824 -.00007119  00000-0 -46973-3 0  9993
2 44754  52.9977  71.3123 0001841  72.1604 240.2069 15.05589715 26463
STARLINK-1050
1 44755U 19074AU  20121.41667824  .00043392  00000-0  29798-2 0  9998
2 44755  53.0136 110.0983 0001262  75.5599 186.7142 15.05570256 25954
STARLINK-1051
1 44756U 19074AV  20121.25001157  .00025671  00000-0  17746-2 0  9992
2 44756  52.9960  70.9352 0002135  73.7565 312.5829 15.05579013  1860
STARLINK-1034
1 44757U 19074AW  20121.25001157  .00007085  00000-0  50492-3 0  9998
2 44757  52.9990  90.9355 0001621  78.1786 251.9875 15.05579008 26196
STARLINK-1053
1 44758U 19074AX  20121.00001157  .00007710  00000-0  54771-3 0  9991
2 44758  53.0061 112.0129 0000987  81.7941 314.8037 15.05583862 25887
STARLINK-1054
1 44759U 19074AY  20121.25001157 -.00017165  00000-0 -11615-2 0  9995
2 44759  53.0069 110.8785 0001278  81.1127 267.3489 15.05587075 25922
STARLINK-1055
1 44760U 19074AZ  20121.25001157 -.00013744  00000-0 -92584-3 0  9991
2 44760  53.0132 110.8541 0001203  78.9590 341.5119 15.05584153 25920
STARLINK-1056
1 44761U 19074BA  20121.41667824  .00045204  00000-0  31032-2 0  9993
2 44761  53.0083 110.1238 0001562  80.7868 109.5241 15.05563106 25955
STARLINK-1057
1 44762U 19074BB  20121.25001157  .00003681  00000-0  27173-3 0  9992
2 44762  52.9988  90.9318 0001886  57.0351 291.1297 15.05574194 26190
STARLINK-1058
1 44763U 19074BC  20121.16667824 -.00031654  00000-0 -21618-2 0  9992
2 44763  53.0027 111.2810 0001643  83.0496  83.4628 15.05600201 25919
STARLINK-1059
1 44764U 19074BD  20121.25001157  .00002554  00000-0  19435-3 0  9994
2 44764  52.9992  90.9326 0001278  88.9676 277.1397 15.05591435  1863
STARLINK-1060
1 44765U 19074BE  20121.08334491 -.00034185  00000-0 -23376-2 0  9991
2 44765  52.9980  91.6826 0001463  81.9450  10.3520 15.05591015 26162
STARLINK-1061
1 44766U 19074BF  20121.25001157 -.00015508  00000-0 -10471-2 0  9991
2 44766  53.0032 110.8989 0001389  86.1044 208.3166 15.05592733 25926
STARLINK-1062
1 44767U 19074BG  20121.25001157 -.00011028  00000-0 -73881-3 0  9990
2 44767  53.0058 110.8847 0001643  72.7505 257.6313 15.05581583 25926
STARLINK-1063
1 44768U 19074BH  20121.41667824  .00040967  00000-0  28174-2 0  9994
2 44768  53.0004 110.1776 0001445  83.1452 305.1346 15.05541746 25943
STARLINK-1064
1 44769U 19074BJ  20121.00001157  .00002507  00000-0  19107-3 0  9996
2 44769  52.9986 112.0550 0001276 114.4888 156.1841 15.05592650 25882
STARLINK-1065
1 44770U 19074BK  20121.26923125  .00001632  00000-0  13024-3 0  9994
2 44770  53.0030 110.7799 0000813 147.0005 213.1034 15.05844479 25927
STARLINK-1067
1 44771U 19074BL  20121.41667824  .00041798  00000-0  28719-2 0  9996
2 44771  53.0037 110.1587 0001657  75.3694  24.9091 15.05566469 25941
STARLINK-1068
1 44772U 19074BM  20121.16667824 -.00019682  00000-0 -13354-2 0  9997
2 44772  52.9994  91.3047 0001462  83.7676 136.5117 15.05580033  1845
STARLINK-1073
1 44914U 20001A   20121.25001157  .00038456  00000-0  26427-2 0  9991
2 44914  53.0023 230.9317 0001323 120.3776 251.2286 15.05599989  1868
STARLINK-1084
1 44915U 20001B   20121.41667824 -.00029580  00000-0 -20173-2 0  9991
2 44915  53.0024 230.1820 0001470  97.8315 295.6032 15.05619356 17433
STARLINK-1097
1 44916U 20001C   20121.41667824 -.00026784  00000-0 -18240-2 0  9997
2 44916  53.0020 230.1832 0001389 117.0996 222.3530 15.05620980 17426
STARLINK-1098
1 44917U 20001D   20121.25001157  .00027642  00000-0  19081-2 0  9997
2 44917  53.0000 230.9292 0001312 113.4193  78.2322 15.05595027  1858
STARLINK-1099
1 44918U 20001E   20121.25001157  .00091310  00000-0  62057-2 0  9992
2 44918  53.0005 230.9274 0001704 123.0523  14.5069 15.05577420 18141
STARLINK-1101
1 44919U 20001F   20121.25001157  .00035332  00000-0  24329-2 0  9995
2 44919  52.9997 230.9316 0001676 127.4164 298.2068 15.05564884  1865
STARLINK-1102
1 44920U 20001G   20121.25001157  .00036598  00000-0  25184-2 0  9992
2 44920  52.9998 230.9304 0001334 102.2196 305.4063 15.05573600 17401
STARLINK-1103
1 44921U 20001H   20121.16667824  .00044151  00000-0  30314-2 0  9997
2 44921  52.9997 231.3053 0001357 125.0205 226.7373 15.05567973 17388
STARLINK-1104
1 44922U 20001J   20121.41667824 -.00024163  00000-0 -16440-2 0  9993
2 44922  53.0010 230.1825 0001205 106.2134 197.2249 15.05598470 17420
STARLINK-1106
1 44923U 20001K   20121.25001157  .00038137  00000-0  26242-2 0  9992
2 44923  53.0005 230.9324 0001361 108.5435 227.1442 15.05554947  1858
STARLINK-1111
1 44924U 20001L   20121.41667824 -.00021456  00000-0 -14565-2 0  9993
2 44924  53.0000 230.1857 0001151 118.7698  94.7660 15.05614286 17421
STARLINK-1112
1 44925U 20001M   20121.41667824 -.00027705  00000-0 -18886-2 0  9997
2 44925  53.0019 230.1837 0001380  98.2439  43.2619 15.05601675 17420
STARLINK-1113
1 44926U 20001N   20121.25001157  .00033702  00000-0  23226-2 0  9997
2 44926  53.0033 230.9164 0001274 116.3314 165.3128 15.05557066 18149
STARLINK-1114
1 44927U 20001P   20121.41667824 -.00029710  00000-0 -20278-2 0  9995
2 44927  53.0017 230.1811 0001249 105.6512 323.8030 15.05591454 17439
STARLINK-1119
1 44928U 20001Q   20121.25001157  .00031874  00000-0  21977-2 0  9998
2 44928  53.0023 230.9294 0001276 115.7048 147.9139 15.05565890  1855
STARLINK-1121
1 44929U 20001R   20121.41667824 -.00033566  00000-0 -22948-2 0  9997
2 44929  53.0016 230.1867 0001268 115.8353  61.7148 15.05590773 17428
STARLINK-1123
1 44930U 20001S   20121.41667824 -.00028242  00000-0 -19255-2 0  9991
2 44930  53.0011 230.1815 0001430 114.9382 242.5444 15.05606562 17423
STARLINK-1128
1 44931U 20001T   20121.41667824 -.00028562  00000-0 -19484-2 0  9991
2 44931  53.0058 230.1605 0001440 112.1488  11.2734 15.05591304 18173
STARLINK-1130 (DARKSAT)
1 44932U 20001U   20121.41667824 -.00029909  00000-0 -20409-2 0  9997
2 44932  53.0011 230.1816 0001284  99.3200 312.1330 15.05603888 18661
STARLINK-1144
1 44933U 20001V   20121.16667824  .00043523  00000-0  29878-2 0  9995
2 44933  52.9991 231.3060 0001515 114.2455 255.4771 15.05580843 18682
STARLINK-1071
1 44934U 20001W   20121.25001157  .00078580  00000-0  53514-2 0  9992
2 44934  53.0016 210.9314 0001372  82.9738 272.7283 15.05587614  1858
STARLINK-1072
1 44935U 20001X   20121.41667824 -.00031923  00000-0 -21809-2 0  9994
2 44935  53.0026 210.1793 0001187 116.6734 224.9265 15.05593185 17708
STARLINK-1078
1 44936U 20001Y   20121.25001157  .00019203  00000-0  13326-2 0  9998
2 44936  53.0003 210.9289 0001335  99.7495 292.0173 15.05605712  1866
STARLINK-1079
1 44937U 20001Z   20121.41667824 -.00030172  00000-0 -20580-2 0  9996
2 44937  53.0009 210.1784 0001207 110.7477 194.7884 15.05623021 17707
STARLINK-1082
1 44938U 20001AA  20121.16667824  .00036753  00000-0  25284-2 0  9994
2 44938  52.9983 211.3189 0000904 107.4512  66.4433 15.05580863  1844
STARLINK-1083
1 44939U 20001AB  20121.25001157  .00014872  00000-0  10372-2 0  9996
2 44939  52.9863 211.0106 0001100  99.7166 130.1020 15.05597276  1853
STARLINK-1091
1 44940U 20001AC  20121.41667824 -.00033874  00000-0 -23156-2 0  9994
2 44940  52.9750 210.3213 0001293  97.4197 262.2227 15.05598034 17691
STARLINK-1094
1 44941U 20001AD  20121.25001157  .00018032  00000-0  12532-2 0  9991
2 44941  52.9996 210.9276 0001287 101.8871 325.8130 15.05591176 17689
STARLINK-1096
1 44942U 20001AE  20121.25001157  .00011940  00000-0  83788-3 0  9995
2 44942  53.0017 210.9263 0001263 104.4168  35.4367 15.05552075  1857
STARLINK-1100
1 44943U 20001AF  20121.33335648 -.00017622  00000-0 -11929-2 0  9992
2 44943  52.9927 210.6016 0001165  95.4294 244.2977 15.05591756 17683
STARLINK-1108
1 44944U 20001AG  20121.41667824 -.00036322  00000-0 -24852-2 0  9993
2 44944  53.0012 210.1849 0001325 101.0988  96.5173 15.05599314 17709
STARLINK-1109
1 44945U 20001AH  20121.41667824 -.00033483  00000-0 -22885-2 0  9993
2 44945  52.9770 210.3081 0001418 111.9060 265.7369 15.05598933 17706
STARLINK-1110
1 44946U 20001AJ  20121.25001157  .00020748  00000-0  14385-2 0  9991
2 44946  53.0025 210.9289 0001166  94.2081 243.5963 15.05591982  1854
STARLINK-1116
1 44947U 20001AK  20121.41667824 -.00029463  00000-0 -20106-2 0  9992
2 44947  53.0015 210.1803 0001155 107.3249 180.2794 15.05594197 17709
STARLINK-1122
1 44949U 20001AM  20121.25001157  .00019503  00000-0  13531-2 0  9993
2 44949  52.9998 210.9337 0001514 111.6318 190.1070 15.05605319  1858
STARLINK-1125
1 44950U 20001AN  20121.33335648 -.00029562  00000-0 -20170-2 0  9994
2 44950  52.9839 210.6478 0001378  95.6610 208.0944 15.05601967 17683
STARLINK-1126
1 44951U 20001AP  20121.41667824 -.00032513  00000-0 -22220-2 0  9996
2 44951  52.9996 210.1861 0001329  89.1550  18.4545 15.05588292 18996
STARLINK-1117
1 44952U 20001AQ  20121.25001157  .00018089  00000-0  12577-2 0  9994
2 44952  53.0009 210.9334 0001369 108.3296 301.4092 15.05572478  1861
STARLINK-1124
1 44953U 20001AR  20121.25001157  .00020248  00000-0  14046-2 0  9998
2 44953  53.0012 210.9330 0001390 108.9651 210.7900 15.05586555 18967
STARLINK-1066
1 44954U 20001AS  20121.41667824  .03047756  00000-0  60795-1 0  9993
2 44954  53.0001 192.5390 0001006 196.4298 355.7606 15.42538119 17898
STARLINK-1069
1 44955U 20001AT  20121.41667824  .03211633  00000-0  64686-1 0  9994
2 44955  52.9995 192.5772 0001446 168.5573   1.2387 15.42039566 17898
STARLINK-1070
1 44956U 20001AU  20121.41667824  .03218951  00000-0  64461-1 0  9996
2 44956  53.0005 192.6021 0001244 175.4032   1.8996 15.42202730 17958
STARLINK-1074
1 44957U 20001AV  20121.41667824  .03883854  00000-0  81175-1 0  9998
2 44957  52.9995 192.5651 0002787 117.9263 358.1052 15.40809201 17958
STARLINK-1075
1 44958U 20001AW  20121.41667824  .03371024  00000-0  70875-1 0  9995
2 44958  53.0000 192.5341 0002340 126.8718   4.7536 15.41191212 17951
STARLINK-1076
1 44959U 20001AX  20121.41667824  .04311196  00000-0  92972-1 0  9993
2 44959  52.9994 192.6313 0003435  99.4128 344.8761 15.40098468 17954
STARLINK-1077
1 44960U 20001AY  20121.41667824  .03243436  00000-0  68105-1 0  9996
2 44960  52.9997 192.5186 0002226 135.0305   4.3182 15.41370076 17951
STARLINK-1080
1 44961U 20001AZ  20121.41667824  .03140373  00000-0  60431-1 0  9997
2 44961  53.0001 192.5496 0000832 224.6482 334.1592 15.43496996 17957
STARLINK-1081
1 44962U 20001BA  20121.41667824  .03054442  00000-0  61244-1 0  9992
2 44962  53.0000 192.5747 0000928 187.7458 357.0420 15.42373406 17957
STARLINK-1085
1 44963U 20001BB  20121.41667824  .03292408  00000-0  66460-1 0  9994
2 44963  53.0003 192.5625 0001871 157.6547   4.6190 15.41871760 18695
STARLINK-1086
1 44964U 20001BC  20121.41667824  .03332194  00000-0  69011-1 0  9997
2 44964  52.9998 192.5560 0001819 148.3805   6.2935 15.41687756 17954
STARLINK-1087
1 44965U 20001BD  20121.38592557 -.00005588  00000-0 -35822-4 0  9993
2 44965  52.9966 191.1651 0001612  73.2778 286.8416 15.72939434 18703
STARLINK-1088
1 44966U 20001BE  20121.41667824  .03944644  00000-0  83181-1 0  9992
2 44966  52.9994 192.5882 0003055 106.6032 353.6479 15.40472761 17951
STARLINK-1089
1 44967U 20001BF  20121.41667824  .03040026  00000-0  59351-1 0  9996
2 44967  52.9998 192.5781 0000981 186.2363 358.2269 15.43193374 17951
STARLINK-1090
1 44968U 20001BG  20121.41667824  .03094030  00000-0  59958-1 0  9994
2 44968  53.0000 192.5546 0000868 200.6670 350.9982 15.43346432 17959
STARLINK-1092
1 44969U 20001BH  20121.41667824  .04326331  00000-0  93764-1 0  9991
2 44969  52.9993 192.6527 0003516  93.0445 343.2224 15.39932104 17952
STARLINK-1093
1 44970U 20001BJ  20121.41667824  .03482934  00000-0  73357-1 0  9990
2 44970  52.9993 192.5493 0002573 124.2189 359.6523 15.41015558 17950
STARLINK-1095
1 44971U 20001BK  20121.41667824  .03387008  00000-0  70395-1 0  9996
2 44971  52.9997 192.5429 0002049 141.2261   5.8163 15.41521638 17953
STARLINK-1107
1 44972U 20001BL  20121.41667824  .03047352  00000-0  59803-1 0  9993
2 44972  53.0001 192.5985 0001120 172.7501   4.5137 15.43029731 17950
STARLINK-1115
1 44973U 20001BM  20121.41667824  .04153880  00000-0  89493-1 0  9997
2 44973  52.9992 192.6213 0003290 105.8377 346.4811 15.40275462 17959
STARLINK-1132
1 45044U 20006A   20121.25001157 -.00031219  00000-0 -21321-2 0  9991
2 45044  52.9983 150.9315 0001527  70.3223  93.8724 15.05593445  1859
STARLINK-1120
1 45045U 20006B   20121.25001157 -.00025696  00000-0 -17499-2 0  9995
2 45045  52.9999 170.9349 0001141  94.1016  67.8802 15.05598927 14359
STARLINK-1129
1 45046U 20006C   20121.16667824  .00007394  00000-0  52617-3 0  9990
2 45046  52.9972 171.3214 0001356  88.4820 287.6850 15.05572499  1856
STARLINK-1131
1 45047U 20006D   20121.25001157 -.00026921  00000-0 -18347-2 0  9992
2 45047  53.0001 170.9325 0001314 116.3618  27.6580 15.05595268 14350
STARLINK-1134
1 45048U 20006E   20121.16667824  .00119245  00000-0  80662-2 0  9991
2 45048  52.9987 171.3095 0001365 103.8270 254.2528 15.05578547 14342
STARLINK-1135
1 45049U 20006F   20121.25001157 -.00029054  00000-0 -19826-2 0  9997
2 45049  52.9980 170.9361 0001129  98.6605 333.3707 15.05588188 14359
STARLINK-1140
1 45050U 20006G   20121.25001157 -.00028814  00000-0 -19662-2 0  9990
2 45050  52.9991 170.9375 0001259  94.1146 301.9744 15.05584816  1861
STARLINK-1141
1 45051U 20006H   20121.16667824  .00005262  00000-0  38001-3 0  9999
2 45051  52.9996 171.3077 0001146 106.6974 215.3729 15.05584168 14342
STARLINK-1148
1 45052U 20006J   20121.25001157 -.00027732  00000-0 -18893-2 0  9995
2 45052  52.9967 170.9446 0001304  99.4728 260.4754 15.05625011  1863
STARLINK-1155
1 45053U 20006K   20121.16667824  .00004022  00000-0  29478-3 0  9992
2 45053  53.0000 171.3076 0000878 105.8945  54.2342 15.05611674  1846
STARLINK-1156
1 45054U 20006L   20121.25001157 -.00046596  00000-0 -31976-2 0  9993
2 45054  52.9975 170.9373 0001412 119.6197 258.4513 15.05605906  1869
STARLINK-1157
1 45055U 20006M   20121.25001157  .06638619  00000-0  26720+0 0  9999
2 45055  52.9991 170.2355 0002571  40.1690 277.8945 15.19174277  1854
STARLINK-1158
1 45056U 20006N   20121.16667824  .00003240  00000-0  24137-3 0  9993
2 45056  52.9914 171.3377 0001005 101.3362 148.7354 15.05584863 14342
STARLINK-1159
1 45057U 20006P   20121.25001157 -.00023641  00000-0 -16083-2 0  9994
2 45057  52.9986 170.9333 0001522  98.7760 189.2804 15.05590774 14364
STARLINK-1162
1 45058U 20006Q   20121.16667824  .00002894  00000-0  21766-3 0  9994
2 45058  52.9989 171.3038 0001156 101.5770 130.5136 15.05591665 14347
STARLINK-1165
1 45059U 20006R   20121.25001157 -.00020246  00000-0 -13734-2 0  9994
2 45059  52.9989 170.9290 0000973  95.2005 120.9402 15.05605171 14368
STARLINK-1166
1 45060U 20006S   20121.25001157 -.00022086  00000-0 -14998-2 0  9993
2 45060  52.9999 170.9346 0001482  94.2410 139.8157 15.05617341  1856
STARLINK-1169
1 45061U 20006T   20121.25001157 -.00023470  00000-0 -15959-2 0  9990
2 45061  52.9987 170.9314 0001278 111.7861  86.1966 15.05604632  1858
STARLINK-1171
1 45062U 20006U   20121.25001157 -.00022834  00000-0 -15525-2 0  9993
2 45062  52.9987 170.9366 0001088  96.6482 173.3269 15.05592960 14360
STARLINK-1178
1 45063U 20006V   20121.25001157 -.00026351  00000-0 -17952-2 0  9998
2 45063  53.0007 170.9290 0001316 100.9434  79.1249 15.05598668  1854
STARLINK-1133
1 45064U 20006W   20121.25001157 -.00030346  00000-0 -20716-2 0  9990
2 45064  53.0000 150.9257 0001115  81.8801 190.2734 15.05595127 14643
STARLINK-1139
1 45065U 20006X   20121.25001157 -.00029936  00000-0 -20426-2 0  9992
2 45065  52.9995 150.9244 0001504  75.5630 178.5792 15.05605871 14644
STARLINK-1145
1 45066U 20006Y   20121.25001157 -.00033637  00000-0 -22997-2 0  9991
2 45066  52.9992 150.9388 0001351  62.0848 318.0455 15.05590756  1865
STARLINK-1150
1 45067U 20006Z   20121.16667824 -.00018176  00000-0 -12313-2 0  9993
2 45067  53.0159 151.2083 0001608  75.2153 140.9658 15.05585302 14636
STARLINK-1161
1 45068U 20006AA  20121.25001157 -.00033050  00000-0 -22586-2 0  9996
2 45068  52.9925 150.9679 0001579  69.2747 292.8549 15.05597810 14635
STARLINK-1163
1 45069U 20006AB  20121.16667824 -.00016440  00000-0 -11112-2 0  9993
2 45069  52.9993 151.3063 0001180  64.0446 260.2064 15.05597840  1843
STARLINK-1164
1 45070U 20006AC  20121.25001157 -.00034100  00000-0 -23309-2 0  9990
2 45070  52.9991 150.9347 0001488  69.7843  22.3778 15.05604321  1861
STARLINK-1167
1 45071U 20006AD  20121.16667824 -.00017974  00000-0 -12176-2 0  9990
2 45071  52.9996 151.3065 0001653  72.1609 324.1135 15.05577727 14628
STARLINK-1168
1 45072U 20006AE  20121.16667824 -.00017524  00000-0 -11860-2 0  9991
2 45072  52.9987 151.3065 0001480  67.5547 310.7084 15.05596032  1851
STARLINK-1170
1 45073U 20006AF  20121.25001157 -.00032097  00000-0 -21912-2 0  9994
2 45073  52.9976 150.9382 0001543  72.0331 254.1190 15.05621156 14634
STARLINK-1172
1 45074U 20006AG  20121.25001157 -.00034037  00000-0 -23277-2 0  9997
2 45074  52.9966 150.9505 0001808  73.1702 324.9841 15.05585121  1860
STARLINK-1174
1 45075U 20006AH  20121.25001157 -.00029973  00000-0 -20449-2 0  9999
2 45075  52.9992 150.9244 0001629  80.4461 155.6461 15.05610297 14644
STARLINK-1180
1 45076U 20006AJ  20121.25001157 -.00030185  00000-0 -20596-2 0  9990
2 45076  52.9981 150.9237 0001454  75.2616 124.8474 15.05610688 14641
STARLINK-1182
1 45077U 20006AK  20121.25001157 -.00034430  00000-0 -23537-2 0  9996
2 45077  52.9978 150.9355 0001557  65.7596   8.3615 15.05605409  1862
STARLINK-1177
1 45078U 20006AL  20121.16667824 -.00017925  00000-0 -12137-2 0  9990
2 45078  52.9999 151.3037 0001476  65.0318 349.2386 15.05593204  1842
STARLINK-1149
1 45079U 20006AM  20121.25001157 -.00030084  00000-0 -20545-2 0  9995
2 45079  52.9630 151.1287 0001480  79.3850 138.8979 15.05575445  1852
STARLINK-1153
1 45080U 20006AN  20121.16667824 -.00018758  00000-0 -12706-2 0  9990
2 45080  52.9989 151.2973 0001325  69.3009  20.9432 15.05610279  1846
STARLINK-1151
1 45081U 20006AP  20121.25001157 -.00030812  00000-0 -21032-2 0  9999
2 45081  53.0002 150.9098 0001653  88.4646 201.6583 15.05606526 14649
STARLINK-1160
1 45082U 20006AQ  20121.25001157 -.00032543  00000-0 -22218-2 0  9990
2 45082  52.9856 151.0042 0001494  71.1855 272.9851 15.05625548 14633
STARLINK-1190
1 45083U 20006AR  20121.25001157 -.00027923  00000-0 -19040-2 0  9996
2 45083  52.9994 170.9351 0001297 105.9423  20.1081 15.05595648  1864
STARLINK-1173
1 45084U 20006AS  20121.25001157 -.00030107  00000-0 -32395-3 0  9994
2 45084  52.9962 141.6711 0001971  39.5047  61.3972 15.62767951 14870
STARLINK-1179
1 45085U 20006AT  20121.16667824 -.00026779  00000-0 -28740-3 0  9993
2 45085  52.9980 141.3112 0002088  12.7299 350.9365 15.62765384  1872
STARLINK-1181
1 45086U 20006AU  20121.25001157 -.00031972  00000-0 -34417-3 0  9994
2 45086  52.9964 143.2143 0001807  34.0582  38.0171 15.62790051  1889
STARLINK-1185
1 45087U 20006AV  20121.25001157 -.00022276  00000-0 -23813-3 0  9990
2 45087  52.9958 143.2226 0001742  33.4829  33.4975 15.62748558  1886
STARLINK-1183
1 45088U 20006AW  20121.25001157 -.00032597  00000-0 -35108-3 0  9998
2 45088  52.9961 143.2103 0001882  39.0523  34.7085 15.62786768  1884
STARLINK-1136
1 45089U 20006AX  20121.25001157 -.00030148  00000-0 -32415-3 0  9997
2 45089  52.9962 141.6746 0001920  14.0342  85.1561 15.62788005 14425
STARLINK-1176
1 45090U 20006AY  20121.25001157 -.00029199  00000-0 -31384-3 0  9997
2 45090  52.9976 140.9069 0001908  21.5997  89.4578 15.62778946  1881
STARLINK-1127
1 45091U 20006AZ  20121.25001157 -.00033750  00000-0 -36404-3 0  9994
2 45091  52.9960 143.2516 0001944  21.5940  31.7971 15.62766579 14752
STARLINK-1137
1 45092U 20006BA  20121.25001157 -.00033408  00000-0 -36032-3 0  9992
2 45092  52.9958 143.2435 0002057  34.3585  22.4216 15.62763486  1886
STARLINK-1142
1 45093U 20006BB  20121.16667824 -.00021173  00000-0 -22553-3 0  9991
2 45093  52.9962 143.6549 0006928  30.8835 275.1604 15.62763297 14738
STARLINK-1146
1 45094U 20006BC  20121.25001157 -.00033117  00000-0 -35701-3 0  9993
2 45094  52.9960 143.2354 0001939  18.9704  42.9331 15.62771309  1888
STARLINK-1147
1 45095U 20006BD  20121.25001157 -.00033134  00000-0 -35731-3 0  9996
2 45095  52.9960 143.2305 0001802  39.9234  23.6835 15.62764024  1886
STARLINK-1152
1 45096U 20006BE  20121.25001157 -.00033390  00000-0 -36019-3 0  9991
2 45096  52.9962 143.2401 0001684  25.4848  34.7230 15.62760175  1880
STARLINK-1175
1 45097U 20006BF  20121.25001157  .06125215  00000-0  19103-1 0  9997
2 45097  52.9957 141.0589 0003384 106.4191 315.4088 15.87082894 14884
STARLINK-1184
1 45098U 20006BG  20121.25001157 -.00033485  00000-0 -36100-3 0  9999
2 45098  52.9958 143.2513 0002059  17.0138  34.7090 15.62775225 12953
STARLINK-1186
1 45099U 20006BH  20121.25001157 -.00032854  00000-0 -35369-3 0  9995
2 45099  52.9980 143.2222 0006413  28.4046  40.2539 15.62771031  1889
STARLINK-1193
1 45100U 20006BJ  20121.16667824 -.00021098  00000-0 -22424-3 0  9993
2 45100  52.9965 143.6683 0008918  36.8773 264.0795 15.62792088  1865
STARLINK-1194
1 45101U 20006BK  20121.25001157 -.00034100  00000-0 -36748-3 0  9997
2 45101  52.9958 143.2612 0002030  35.9644  12.3827 15.62795148  1884
STARLINK-1195
1 45102U 20006BL  20121.25001157 -.00033757  00000-0 -36317-3 0  9997
2 45102  52.9960 143.2410 0009052  42.0241  16.4667 15.62771704 14756
STARLINK-1196
1 45103U 20006BM  20121.25001157 -.00032450  00000-0 -34970-3 0  9990
2 45103  52.9974 143.2195 0001790  39.2907  31.0380 15.62769768 14752
STARLINK-1138
1 45178U 20012A   20121.41667824  .00030204  00000-0  20834-2 0  9992
2 45178  53.0003 290.1898 0001162  97.7817  19.3467 15.05577458 11766
STARLINK-1143
1 45179U 20012B   20121.33335648  .00142051  00000-0  95817-2 0  9997
2 45179  52.9917 290.6159 0001410  89.3384 277.7869 15.05548910 11752
STARLINK-1192
1 45180U 20012C   20121.16667824 -.00034210  00000-0 -23380-2 0  9999
2 45180  53.0021 291.3065 0001483 103.0481 134.2866 15.05612380  1844
STARLINK-1200
1 45181U 20012D   20121.41667824  .00058664  00000-0  40116-2 0  9991
2 45181  52.9999 290.1834 0001408  95.9636  75.0762 15.05583887 11764
STARLINK-1201
1 45182U 20012E   20121.33335648  .02558903  00000-0  51769-1 0  9997
2 45182  53.0031 272.6985 0001460 221.5109 333.1692 15.42163863 12014
STARLINK-1202
1 45183U 20012F   20121.41667824  .00036066  00000-0  24836-2 0  9996
2 45183  53.0021 290.1817 0001408  97.8982 253.2681 15.05553114 11771
STARLINK-1205
1 45184U 20012G   20121.41667824  .04846133  00000-0  12937+0 0  9991
2 45184  53.0004 271.5009 0003670  41.1230 327.3360 15.33612814 12008
STARLINK-1216
1 45185U 20012H   20121.41667824  .00035891  00000-0  24709-2 0  9992
2 45185  53.0030 290.1791 0001537  88.9262 298.1632 15.05565170 11778
STARLINK-1224
1 45186U 20012J   20121.16667824 -.00034271  00000-0 -23437-2 0  9995
2 45186  53.0013 291.3068 0001433  92.8091 288.4842 15.05589775  1859
STARLINK-1225
1 45187U 20012K   20121.25001157  .00008475  00000-0  60040-3 0  9994
2 45187  53.0016 290.9332 0001797 110.0911 345.1979 15.05561958 11507
STARLINK-1228
1 45188U 20012L   20121.16667824  .00024082  00000-0  26825-3 0  9999
2 45188  53.0006 265.8510 0001125  77.6470  20.8803 15.62734053 11749
STARLINK-1230
1 45189U 20012M   20121.41667824  .00029131  00000-0  20103-2 0  9990
2 45189  53.0008 290.1844 0001431  87.2610 173.8410 15.05579336 11477
STARLINK-1234
1 45190U 20012N   20121.25001157  .00046004  00000-0  50590-3 0  9997
2 45190  53.0009 266.8798 0001284  65.6319 163.1782 15.62727464  1877
STARLINK-1236
1 45191U 20012P   20121.33335648  .00035084  00000-0  24172-2 0  9994
2 45191  53.0011 290.5590 0001245 105.9080  27.3142 15.05548065 11759
STARLINK-1237
1 45192U 20012Q   20121.25001157  .00007419  00000-0  52782-3 0  9991
2 45192  53.0016 290.9294 0001257 112.2374  73.0272 15.05580469  1856
STARLINK-1239
1 45193U 20012R   20121.41667824  .00034025  00000-0  23432-2 0  9991
2 45193  53.0026 290.1750 0001464  91.4025 331.7168 15.05578625 11487
STARLINK-1240
1 45194U 20012S   20121.25001157  .00008094  00000-0  57400-3 0  9995
2 45194  53.0014 290.9265 0001440  83.8573 137.3994 15.05584310  1856
STARLINK-1241
1 45195U 20012T   20121.41667824  .00032845  00000-0  22635-2 0  9995
2 45195  53.0049 290.1619 0001478  87.1748 353.8546 15.05570717 11486
STARLINK-1244
1 45196U 20012U   20121.33335648  .00041873  00000-0  28773-2 0  9993
2 45196  53.0012 290.5643 0001305 101.4795 301.7530 15.05562678 11504
STARLINK-1269
1 45197U 20012V   20121.41667824  .00025774  00000-0  17823-2 0  9993
2 45197  53.0003 290.1834 0001280  98.0510  90.9968 15.05566017 11504
STARLINK-1154
1 45198U 20012W   20121.25001157  .01720340  00000-0  48184-1 0  9992
2 45198  52.9980 272.2744 0003233 127.8265 352.4208 15.32902871  1870
STARLINK-1197
1 45199U 20012X   20121.41667824  .05184780  00000-0  14480+0 0  9996
2 45199  52.9997 271.4861 0003533   6.7714 302.6127 15.31873315 11740
STARLINK-1198
1 45200U 20012Y   20121.41667824  .05440157  00000-0  15170+0 0  9999
2 45200  52.9999 271.4800 0003667 358.2928 299.9479 15.31703931 11742
STARLINK-1199
1 45201U 20012Z   20121.41667824  .04776568  00000-0  13559+0 0  9996
2 45201  52.9992 271.5046 0003265 348.3876 295.9583 15.31697503 11744
STARLINK-1203
1 45202U 20012AA  20121.41667824  .00034143  00000-0  25654-2 0  9991
2 45202  53.0018 289.3486 0001370 101.9817 306.1551 15.02300193 11513
STARLINK-1204
1 45203U 20012AB  20121.41667824  .03026771  00000-0  88817-1 0  9992
2 45203  52.9998 271.5633 0001498 267.7924 308.7173 15.31125454 11714
STARLINK-1206
1 45204U 20012AC  20121.41667824  .03811464  00000-0  10359+0 0  9998
2 45204  53.0002 271.4366 0003484  63.7526 343.5078 15.33347086 11747
STARLINK-1208
1 45205U 20012AD  20121.41667824  .05245310  00000-0  14436+0 0  9992
2 45205  52.9999 271.5213 0003773  25.5435 317.0549 15.32295260 11754
STARLINK-1209
1 45206U 20012AE  20121.25001157  .00047215  00000-0  51901-3 0  9997
2 45206  53.0018 266.1485 0001024  77.9358 149.5871 15.62726222 11781
STARLINK-1210
1 45207U 20012AF  20121.41667824  .04665281  00000-0  13038+0 0  9993
2 45207  52.9992 271.4650 0002950 339.0455 294.1111 15.31586865 11735
STARLINK-1211
1 45208U 20012AG  20121.41667824  .04230372  00000-0  12068+0 0  9995
2 45208  52.9984 271.5172 0002449 319.9381 290.6531 15.31360257 11737
STARLINK-1218
1 45209U 20012AH  20121.41667824  .04618467  00000-0  12394+0 0  9993
2 45209  52.9998 271.5025 0003650  52.2371 334.1990 15.32946018 11741
STARLINK-1219
1 45210U 20012AJ  20121.41667824  .04358231  00000-0  12336+0 0  9991
2 45210  52.9992 271.5176 0002476 327.3562 294.5142 15.31483298 11739
STARLINK-1231
1 45212U 20012AL  20121.41667824  .04921537  00000-0  13527+0 0  9991
2 45212  53.0000 271.5425 0003847  37.5968 327.0075 15.32615210 11743
STARLINK-1232
1 45213U 20012AM  20121.41667824  .05096726  00000-0  14016+0 0  9990
2 45213  53.0000 271.5342 0003849  29.8807 323.7395 15.32448180 11748
STARLINK-1233
1 45214U 20012AN  20121.33335648  .01505125  00000-0  45166-1 0  9994
2 45214  52.9989 271.9024 0002621 157.3520 359.4151 15.31101139 11723
STARLINK-1245
1 45215U 20012AP  20121.41667824  .03696851  00000-0  10749+0 0  9994
2 45215  52.9983 271.5094 0002213 312.9817 286.2844 15.31286539 11731
STARLINK-1254
1 45216U 20012AQ  20121.41667824  .04775623  00000-0  13112+0 0  9998
2 45216  52.9999 271.4836 0003540  47.5392 327.9694 15.32772898 11741
STARLINK-1271
1 45217U 20012AR  20121.41667824  .05377878  00000-0  14821+0 0  9998
2 45217  52.9998 271.4973 0003618  19.3217 312.2859 15.32137131 11747
STARLINK-1105
1 45218U 20012AS  20121.25001157  .00043562  00000-0  47885-3 0  9997
2 45218  53.0005 270.5931 0008517  39.1007 180.6602 15.62723227  1879
STARLINK-1187
1 45219U 20012AT  20121.16667824  .00002351  00000-0  31564-4 0  9996
2 45219  53.0012 269.6015 0008948 355.8702  75.9694 15.62748769 11739
STARLINK-1188
1 45220U 20012AU  20121.25001157  .00041330  00000-0  45534-3 0  9990
2 45220  53.0003 270.6668 0001306  50.0806 134.0765 15.62727981  1870
STARLINK-1189
1 45221U 20012AV  20121.25001157  .00041546  00000-0  45754-3 0  9994
2 45221  53.0003 270.6596 0001396  50.7545 136.8167 15.62735881  1871
STARLINK-1191
1 45222U 20012AW  20121.25001157  .00042028  00000-0  46261-3 0  9995
2 45222  53.0017 270.6831 0007027  32.8121 142.2713 15.62718848 11735
STARLINK-1212
1 45223U 20012AX  20121.16667824 -.00001144  00000-0 -65962-5 0  9992
2 45223  53.0005 271.0007 0005333  36.8023  75.5589 15.62749887 11721
STARLINK-1214
1 45224U 20012AY  20121.25001157  .00041431  00000-0  45588-3 0  9995
2 45224  53.0025 270.7029 0007207  36.5203 128.3907 15.62732651  1870
STARLINK-1215
1 45225U 20012AZ  20121.25001157  .00041946  00000-0  46195-3 0  9992
2 45225  53.0027 270.6213 0001527  50.9851 156.9235 15.62731078 11734
STARLINK-1217
1 45226U 20012BA  20121.25001157  .00042195  00000-0  46449-3 0  9992
2 45226  53.0004 270.6302 0002138  29.4907 171.5991 15.62738449  1876
STARLINK-1221
1 45227U 20012BB  20121.25001157  .00041839  00000-0  46033-3 0  9996
2 45227  53.0001 270.6940 0006255   3.1637 168.4962 15.62737869 11717
STARLINK-1222
1 45228U 20012BC  20121.25001157  .00041592  00000-0  45770-3 0  9990
2 45228  53.0023 270.6989 0006717  28.4984 139.7681 15.62732310  1874
STARLINK-1226
1 45229U 20012BD  20121.25001157  .00042882  00000-0  47209-3 0  9993
2 45229  53.0028 270.6145 0003068  23.3785 187.9159 15.62727082 11734
STARLINK-1227
1 45230U 20012BE  20121.25001157  .00043672  00000-0  48001-3 0  9994
2 45230  53.0028 270.6054 0008406  41.7890 172.8905 15.62725861 11732
STARLINK-1229
1 45231U 20012BF  20121.25001157  .00042079  00000-0  46337-3 0  9995
2 45231  53.0031 270.6408 0001273  34.0182 163.6813 15.62731931  1879
STARLINK-1235
1 45232U 20012BG  20121.41667824  .00020765  00000-0  23170-3 0  9991
2 45232  53.0019 266.8906 0007287   8.3460  33.2744 15.62766133 11788
STARLINK-1238
1 45233U 20012BH  20121.41667824  .02917082  00000-0  86529-1 0  9996
2 45233  52.9992 271.6009 0001404 238.7707 330.1029 15.30907062 11736
STARLINK-1243
1 45234U 20012BJ  20121.33335648  .00035017  00000-0  24126-2 0  9997
2 45234  53.0005 290.5576 0001627  99.4085  51.8093 15.05547615 11498
STARLINK-1246
1 45235U 20012BK  20121.25001157  .00008967  00000-0  63390-3 0  9995
2 45235  53.0010 290.9308 0001284  83.2303  47.9693 15.05573913  1856
STARLINK-1247
1 45236U 20012BL  20121.25001157  .00042365  00000-0  46649-3 0  9994
2 45236  53.0007 270.6018 0001489  48.3653 168.0298 15.62730355 11735
STARLINK-1270
1 45237U 20012BM  20121.16667824  .00016338  00000-0  18406-3 0  9995
2 45237  53.0022 271.0558 0001210  43.6674  41.5531 15.62730235  1865
STARLINK-1279
1 45360U 20019A   20121.25001157  .00048083  00000-0  52849-3 0  9991
2 45360  52.9974  43.6520 0001366  46.6421 188.7067 15.62720992  7372
STARLINK-1301
1 45361U 20019B   20121.25001157  .00048624  00000-0  53403-3 0  9990
2 45361  52.9966  43.6777 0001434  50.6501 169.4041 15.62735870  1876
STARLINK-1306
1 45362U 20019C   20121.41667824  .02643807  00000-0  12748+0 0  9997
2 45362  53.0004  49.1654 0002453  13.8345 308.3798 15.14731546  7328
STARLINK-1311
1 45363U 20019D   20121.17524982  .00065475  00000-0  60772-3 0  9999
2 45363  52.9994  45.1385 0002197 182.5135 177.5869 15.66857840  7359
STARLINK-1313
1 45364U 20019E   20121.25001157  .00047888  00000-0  52644-3 0  9990
2 45364  52.9973  43.6375 0001375  54.0975 184.6219 15.62718042  1876
STARLINK-1317
1 45365U 20019F   20121.16667824  .00034514  00000-0  38153-3 0  9991
2 45365  52.9973  44.0533 0001362  56.9846  70.9348 15.62727422  7364
STARLINK-1262
1 45366U 20019G   20121.41667824  .02745721  00000-0  14718+0 0  9998
2 45366  52.9973  50.2760 0003436 116.3656 338.5588 15.10774900  7310
STARLINK-1273
1 45367U 20019H   20121.41667824  .01790245  00000-0  98201-1 0  9990
2 45367  53.0027  50.2637 0003340  33.4098 319.6214 15.10313988  7309
STARLINK-1276
1 45368U 20019J   20121.41667824  .03811299  00000-0  20006+0 0  9992
2 45368  52.9964  50.2442 0003576 146.6762 342.1890 15.10841574  7317
STARLINK-1277
1 45369U 20019K   20121.41667824  .04341319  00000-0  22868+0 0  9993
2 45369  52.9958  50.2726 0003499 161.2942 344.2904 15.10859066  7317
STARLINK-1281
1 45370U 20019L   20121.33335648  .04017322  00000-0  22341+0 0  9992
2 45370  53.0023  50.7148 0003080 140.6700 342.1169 15.09203505  7270
STARLINK-1287
1 45371U 20019M   20121.33335648  .03080755  00000-0  16397+0 0  9996
2 45371  52.9998  50.6470 0002234   4.1254 306.6041 15.10554232  7299
STARLINK-1288
1 45372U 20019N   20121.41667824  .02232853  00000-0  12248+0 0  9998
2 45372  53.0031  50.2653 0002876  23.8071 311.6326 15.10100182  7301
STARLINK-1295
1 45373U 20019P   20121.41667824  .01535867  00000-0  84285-1 0  9991
2 45373  52.9991  50.2734 0003796  78.4144 342.4258 15.10798692  7310
STARLINK-1300
1 45374U 20019Q   20121.33335648  .02021472  00000-0  10940+0 0  9997
2 45374  52.9981  50.6537 0003164  29.1712 314.8465 15.10946226  7296
STARLINK-1302
1 45375U 20019R   20121.41667824  .01405741  00000-0  77288-1 0  9995
2 45375  53.0016  50.2673 0003668  44.5967 325.2108 15.10498908  7319
STARLINK-1304
1 45376U 20019S   20121.25001157  .03085013  00000-0  16997+0 0  9995
2 45376  53.0039  51.0095 0003165 114.6930 343.4326 15.09946795  7283
STARLINK-1305
1 45377U 20019T   20121.33335648  .01367503  00000-0  73721-1 0  9995
2 45377  52.9973  50.6575 0003667  51.8828 325.9761 15.11302711  7300
STARLINK-1310
1 45378U 20019U   20121.33335648  .02382404  00000-0  12473+0 0  9999
2 45378  52.9969  50.6220 0003616 108.9087 336.6406 15.11552402  7307
STARLINK-1319
1 45379U 20019V   20121.16667824  .06397089  00000-0  33175+0 0  9996
2 45379  52.9958  51.4042 0001581 245.8790 354.8276 15.11132111  7272
STARLINK-1207
1 45380U 20019W   20121.25001157  .00048682  00000-0  53496-3 0  9997
2 45380  52.9961  45.0521 0001257  60.7828 210.1663 15.62721457  1872
STARLINK-1258
1 45381U 20019X   20121.25001157  .00049050  00000-0  53862-3 0  9995
2 45381  52.9958  45.0624 0001208  54.8040 205.9732 15.62736142  7354
STARLINK-1264
1 45382U 20019Y   20121.25001157  .00048246  00000-0  52998-3 0  9991
2 45382  52.9962  45.0292 0001224  63.9657 217.1493 15.62734310  1879
STARLINK-1266
1 45383U 20019Z   20121.16667824  .00031197  00000-0  34544-3 0  9995
2 45383  52.9960  45.4578 0001536  60.4399  97.9762 15.62736536  1864
STARLINK-1267
1 45384U 20019AA  20121.25001157  .00049156  00000-0  54003-3 0  9993
2 45384  52.9961  45.0372 0001534  63.6665 214.0786 15.62723172  7364
STARLINK-1268
1 45385U 20019AB  20121.41667824 -.00021380  00000-0 -22872-3 0  9991
2 45385  52.9984  44.3217 0001357  48.5568  33.2881 15.62702214  7391
STARLINK-1272
1 45386U 20019AC  20121.25001157  .00048365  00000-0  53145-3 0  9992
2 45386  52.9986  45.0465 0001290  49.1980 225.0909 15.62725513  1874
STARLINK-1274
1 45387U 20019AD  20121.25001157  .00049111  00000-0  53954-3 0  9991
2 45387  52.9982  45.0722 0001175  38.5250 215.4586 15.62724025  1872
STARLINK-1280
1 45388U 20019AE  20121.25001157  .03158587  00000-0  13353+0 0  9998
2 45388  53.0017  48.6104 0002360   4.9889 307.2272 15.18675758  7326
STARLINK-1283
1 45389U 20019AF  20121.33335648 -.00005299  00000-0 -52057-4 0  9992
2 45389  52.9961  40.2200 0001209  62.4770 287.0668 15.62761665  7435
STARLINK-1284
1 45390U 20019AG  20121.25001157  .00048536  00000-0  53285-3 0  9992
2 45390  52.9983  45.0564 0001408  55.5087 208.6289 15.62746670  1871
STARLINK-1289
1 45391U 20019AH  20121.16667824  .00031348  00000-0  34693-3 0  9997
2 45391  52.9982  45.4872 0001539  61.5930  79.9388 15.62747325  1862
STARLINK-1290
1 45392U 20019AJ  20121.16667824  .00031224  00000-0  34565-3 0  9999
2 45392  52.9977  45.5385 0001476  52.9638  68.1778 15.62743213  7070
STARLINK-1291
1 45393U 20019AK  20121.25001157  .00049313  00000-0  54072-3 0  9994
2 45393  52.9960  45.0221 0008181 341.3205 303.1923 15.62735394  7112
STARLINK-1292
1 45394U 20019AL  20121.25001157  .00048790  00000-0  53620-3 0  9991
2 45394  52.9983  45.0814 0001306  57.0842 200.2974 15.62717910  7090
STARLINK-1297
1 45395U 20019AM  20121.25001157  .00049461  00000-0  54347-3 0  9995
2 45395  52.9975  45.1421 0001412  50.2777 176.5671 15.62716410  1870
STARLINK-1303
1 45396U 20019AN  20121.16667824  .00031215  00000-0  34574-3 0  9993
2 45396  52.9981  45.5040 0001253  48.4462  89.6541 15.62728836  1866
STARLINK-1307
1 45397U 20019AP  20121.25001157  .00049522  00000-0  54373-3 0  9994
2 45397  52.9972  45.1166 0001215  58.3782 175.2337 15.62735744  1877
STARLINK-1312
1 45398U 20019AQ  20121.16667824  .00033660  00000-0  37203-3 0  9993
2 45398  52.9979  45.4962 0001362  57.3567  77.3895 15.62744582  1865
STARLINK-1255
1 45399U 20019AR  20121.25001157  .00049577  00000-0  54419-3 0  9997
2 45399  52.9950  45.1911 0001413  62.2202 159.5142 15.62741938  1875
STARLINK-1213
1 45400U 20019AS  20121.25001157  .00048393  00000-0  53199-3 0  9999
2 45400  52.9985  45.0279 0001309  60.9000 215.1357 15.62714039  1876
STARLINK-1256
1 45401U 20019AT  20121.25001157  .00048262  00000-0  53031-3 0  9990
2 45401  52.9958  45.0361 0001444  62.9429 216.4809 15.62726353  7162
STARLINK-1257
1 45402U 20019AU  20121.25001157  .00048321  00000-0  53093-3 0  9995
2 45402  52.9985  45.0169 0001221  40.5858 242.2193 15.62727574  1871
STARLINK-1259
1 45403U 20019AV  20121.25001157  .00048795  00000-0  53622-3 0  9999
2 45403  52.9984  45.0424 0001229  55.3042 213.9545 15.62719460  7161
STARLINK-1260
1 45404U 20019AW  20121.41667824 -.00019398  00000-0 -20646-3 0  9996
2 45404  52.9964  44.2598 0001314  59.4874  54.4288 15.62759131  7101
STARLINK-1263
1 45405U 20019AX  20121.41667824 -.00020625  00000-0 -21990-3 0  9995
2 45405  52.9985  44.2171 0001130  63.7827  67.0738 15.62762481  7106
STARLINK-1265
1 45406U 20019AY  20121.00001157 -.00016991  00000-0 -18011-3 0  9993
2 45406  52.9980  46.2962 0001373  67.4987 227.6711 15.62751740  7032
STARLINK-1275
1 45407U 20019AZ  20121.16667824  .00031007  00000-0  34351-3 0  9998
2 45407  52.9981  45.5002 0001282  56.4721  83.2657 15.62726870  1860
STARLINK-1278
1 45408U 20019BA  20121.41667824  .04649970  00000-0  19769+0 0  9997
2 45408  53.0021  47.8305 0002924 166.2823 342.3482 15.18213024  7062
STARLINK-1282
1 45409U 20019BB  20121.16667824  .00031485  00000-0  34862-3 0  9997
2 45409  52.9978  45.5028 0001338  69.7445  63.2361 15.62732323  1868
STARLINK-1285
1 45410U 20019BC  20121.25001157  .00048420  00000-0  53203-3 0  9997
2 45410  52.9963  45.0535 0001279  58.0799 207.7326 15.62726229  1874
STARLINK-1293
1 45411U 20019BD  20121.25001157  .00049426  00000-0  54306-3 0  9990
2 45411  52.9976  45.1430 0001311  53.6945 174.8748 15.62718209  1876
STARLINK-1296
1 45412U 20019BE  20121.25001157  .00048677  00000-0  53460-3 0  9998
2 45412  52.9958  45.0697 0001209  57.2654 201.7987 15.62735899  1873
STARLINK-1298
1 45413U 20019BF  20121.33335648  .00008484  00000-0  98433-4 0  9995
2 45413  52.9977  44.7181 0001249  55.5057 285.6273 15.62740465  7185
STARLINK-1309
1 45414U 20019BG  20121.25001157  .00048919  00000-0  53743-3 0  9993
2 45414  52.9980  45.0948 0001249  57.0843 188.4213 15.62725371  1878
STARLINK-1316
1 45415U 20019BH  20121.00001157 -.00016841  00000-0 -17853-3 0  9990
2 45415  52.9983  46.2474 0001182  70.2712 248.6536 15.62743108  1838
STARLINK-1318
1 45416U 20019BJ  20121.33335648  .00009861  00000-0  11341-3 0  9990
2 45416  52.9961  44.6807 0001119  41.6858 319.7843 15.62748958  7105
STARLINK-1286
1 45417U 20019BK  20121.25001157  .05520440  00000-0  27455+0 0  9992
2 45417  53.0027  50.2302 0002332 202.8678 352.8783 15.12584970  7291
STARLINK-1299
1 45418U 20019BL  20121.41667824  .04993282  00000-0  20337+0 0  9999
2 45418  52.9993  47.6621 0001811 240.0604 351.2265 15.19375833  7088
STARLINK-1308
1 45419U 20019BM  20121.41667824  .02739485  00000-0  14085+0 0  9994
2 45419  53.0036  49.9775 0001978   4.1185 305.4259 15.12291758  7047
STARLINK A
1 45531U 20025A   20120.66667824  .02301346  27354-2  10250-1 0  9998
2 45531  53.0065   5.8989 0055925  74.3910 316.3498 15.81844177  1795
STARLINK B
1 45532U 20025A   20120.66667824  .01948877  17865-2  85246-2 0  9998
2 45532  53.0064   5.9026 0058070  74.2567 314.3381 15.81796627  1806
STARLINK C
1 45533U 20025C   20120.66667824  .02089465  21231-2  93655-2 0  9994
2 45533  53.0064   5.9083 0055006  73.8355 312.0688 15.81646676  1797
STARLINK D
1 45534U 20025D   20120.66667824  .01976285  18477-2  87905-2 0  9998
2 45534  53.0064   5.9066 0055119  74.5367 312.4627 15.81728306  1793
STARLINK E
1 45535U 20025E   20120.66667824  .02477694  33125-2  11329-1 0  9993
2 45535  53.0060   5.9119 0055947  74.1454 309.6089 15.81440647  1802
STARLINK F
1 45536U 20025F   20120.66667824  .02025338  19583-2  90734-2 0  9998
2 45536  53.0061   5.9134 0056158  74.0573 309.0717 15.81518248  1802
STARLINK G
1 45537U 20025G   20120.66667824  .02502821  34089-2  11415-1 0  9992
2 45537  53.0063   5.9106 0056144  74.0859 310.7425 15.81498522  1803
STARLINK H
1 45538U 20025H   20120.66667824  .02325968  28119-2  10376-1 0  9990
2 45538  53.0068   5.9011 0056197  74.3792 315.8444 15.81806409  1805
STARLINK J
1 45539U 20025J   20120.66667824  .02093573  25503-2  44560-2 0  9992
2 45539  53.0074   5.7051 0087269  78.6439  45.0739 15.91861575  1797
STARLINK K
1 45540U 20025K   20120.66667824  .02522381  34747-2  11626-1 0  9994
2 45540  53.0065   5.9159 0055311  73.8791 308.8050 15.81369237  1806
STARLINK L
1 45541U 20025L   20120.66667824  .02527718  34930-2  11640-1 0  9994
2 45541  53.0063   5.9162 0055946  74.0107 308.1336 15.81337477  1808
STARLINK M
1 45542U 20025M   20120.66667824  .02487116  33578-2  11199-1 0  9998
2 45542  53.0066   5.9054 0057598  74.3700 313.1275 15.81621032  1798
STARLINK N
1 45543U 20025N   20120.66667824  .02191688  23906-2  99433-2 0  9997
2 45543  53.0063   5.9176 0055567  74.0110 307.5392 15.81413888  1804
STARLINK P
1 45544U 20025P   20120.66667824  .01959699  18128-2  85487-2 0  9995
2 45544  53.0064   5.9005 0058149  74.3657 315.2982 15.81851041  1791
STARLINK Q
1 45545U 20025Q   20120.66667824  .02370902  29496-2  10672-1 0  9994
2 45545  53.0064   5.9072 0056608  74.2120 312.2129 15.81618794  1806
STARLINK R
1 45546U 20025R   20120.66667824  .02150561  22815-2  96666-2 0  9998
2 45546  53.0062   5.9115 0055959  73.9470 310.3005 15.81544556  1801
STARLINK S
1 45547U 20025S   20120.66667824  .02470740  32929-2  11244-1 0  9998
2 45547  53.0061   5.9086 0055873  74.1023 311.2424 15.81539636  1808
STARLINK T
1 45548U 20025T   20120.66667824  .02143600  22574-2  96907-2 0  9996
2 45548  53.0062   5.9178 0056217  73.8517 307.1293 15.81398562  1808
STARLINK U
1 45549U 20025U   20120.66667824  .02656362  40056-2  12491-1 0  9991
2 45549  53.0063   5.9195 0053576  73.9609 306.5715 15.81228385  1804
STARLINK V
1 45550U 20025V   20120.66667824  .02432284  31652-2  10839-1 0  9994
2 45550  53.0066   5.9026 0058390  74.5376 314.6231 15.81716459  1794
STARLINK W
1 45551U 20025W   20120.66667824  .02840319  58259-2  81640-2 0  9998
2 45551  53.0078   5.6498 0072256  76.9668  73.9329 15.89325579  1795
STARLINK X
1 45552U 20025X   20120.66667824  .02827645  57493-2  81457-2 0  9991
2 45552  53.0085   5.6477 0071403  76.7290  74.9330 15.89368957  1793
STARLINK Y
1 45553U 20025Y   20120.66667824  .02780613  54308-2  80311-2 0  9995
2 45553  53.0077   5.6532 0071774  76.7270  72.1843 15.89206978  1799
STARLINK Z
1 45554U 20025Z   20120.66667824  .02869218  60094-2  83128-2 0  9993
2 45554  53.0078   5.6512 0071928  76.7305  73.5116 15.89261326  1795
STARLINK AA
1 45555U 20025AA  20120.66667824  .02772550  53430-2  81501-2 0  9995
2 45555  53.0082   5.6601 0071459  76.6445  68.5671 15.88904034  1792
STARLINK AB
1 45556U 20025AB  20120.66667824  .02933802  64542-2  85769-2 0  9991
2 45556  53.0084   5.6513 0071886  76.4801  73.2969 15.89201392  1796
STARLINK AC
1 45557U 20025AC  20120.66667824  .02830220  57329-2  82470-2 0  9993
2 45557  53.0083   5.6535 0071595  76.6042  71.8736 15.89134792  1791
STARLINK AD
1 45558U 20025AD  20120.66667824  .02685018  48122-2  79614-2 0  9994
2 45558  53.0082   5.6682 0071379  76.7614  64.4730 15.88636468  1798
STARLINK AE
1 45559U 20025AE  20120.66667824  .02819683  56562-2  82394-2 0  9998
2 45559  53.0079   5.6553 0071578  76.7462  71.4240 15.89068571  1793
STARLINK AF
1 45560U 20025AF  20120.66667824  .02822233  56688-2  82826-2 0  9994
2 45560  53.0084   5.6565 0071154  76.6512  70.6450 15.89042296  1799
STARLINK AG
1 45561U 20025AG  20120.66667824  .02707571  49471-2  79949-2 0  9996
2 45561  53.0078   5.6662 0071441  76.7229  65.8401 15.88735571  1792
STARLINK AH
1 45562U 20025AH  20120.66667824  .02793984  54857-2  81901-2 0  9995
2 45562  53.0076   5.6301 0071358  76.6883  69.8952 15.88998856  1795
STARLINK AJ
1 45563U 20025AJ  20120.66667824  .02700443  49162-2  79134-2 0  9992
2 45563  53.0079   5.6636 0071907  76.6199  67.3585 15.88812901  1791
STARLINK AK
1 45564U 20025AK  20120.66667824  .02779857  53804-2  82822-2 0  9994
2 45564  53.0090   5.6622 0069861  76.3026  68.5049 15.88851819  1791
STARLINK AL
1 45565U 20025AL  20120.66667824  .02771432  53445-2  80942-2 0  9998
2 45565  53.0082   5.6588 0071915  76.7171  68.9639 15.88968854  1799
STARLINK AM
1 45566U 20025AM  20120.66667824  .02716331  50018-2  79747-2 0  9990
2 45566  53.0081   5.6643 0072016  76.7153  66.2026 15.88785567  1793
STARLINK AN
1 45567U 20025AN  20120.66667824  .02714219  49599-2  81341-2 0  9999
2 45567  53.0085   5.6710 0070975  76.6465  63.3196 15.88521718  1792
STARLINK AP
1 45568U 20025AP  20120.66667824  .02737308  51066-2  81280-2 0  9998
2 45568  53.0081   5.6661 0071503  76.9112  65.2023 15.88662032  1799
STARLINK AQ
1 45569U 20025AQ  20120.66667824  .02708403  49217-2  81359-2 0  9995
2 45569  53.0080   5.6709 0070982  76.8814  62.6720 15.88468920  1795
STARLINK AR
1 45570U 20025AR  20120.66667824  .02703810  49088-2  81043-2 0  9990
2 45570  53.0086   5.6700 0070339  76.5112  64.0785 15.88580438  1794
STARLINK AS
1 45571U 20025AS  20120.66667824  .02978579  68042-2  87010-2 0  9998
2 45571  53.0077   5.6509 0072002  76.5004  73.5170 15.89279514  1795
STARLINK AT
1 45572U 20025AT  20120.66667824  .02922080  63975-2  84369-2 0  9999
2 45572  53.0082   5.6472 0072249  76.4431  74.9042 15.89371815  1797
STARLINK AU
1 45573U 20025AU  20120.66667824  .02703319  49323-2  79946-2 0  9998
2 45573  53.0081   5.6633 0070492  76.9620  66.4546 15.88814363  1793
STARLINK AV
1 45574U 20025AV  20120.66667824  .02962135  66826-2  86147-2 0  9990
2 45574  53.0083   5.6481 0072254  76.6789  74.3577 15.89303127  1792
STARLINK AW
1 45575U 20025AW  20120.66667824  .02837532  57904-2  82141-2 0  9990
2 45575  53.0083   5.6516 0072119  76.6702  72.5695 15.89205247  1792
STARLINK AX
1 45576U 20025AX  20120.66667824  .02802965  55442-2  82186-2 0  9997
2 45576  53.0081   5.6562 0071250  76.6932  70.1060 15.89019751  1795
STARLINK AY
1 45577U 20025AY  20120.66667824  .02680296  47957-2  79245-2 0  9993
2 45577  53.0083   5.6662 0071079  76.4969  65.3937 15.88720370  1790
STARLINK AZ
1 45578U 20025AZ  20120.66667824  .02802987  55573-2  81931-2 0  9995
2 45578  53.0081   5.6536 0070936  76.6300  71.3965 15.89116078  1794
STARLINK BA
1 45579U 20025BA  20120.66667824  .01970635  19945-2  63041-2 0  9996
2 45579  53.0071   5.7570 0068338  76.7650  21.5475 15.86933245  1798
STARLINK BB
1 45580U 20025BB  20120.66667824  .02844252  58401-2  82134-2 0  9998
2 45580  53.0077   5.6508 0072255  76.7498  73.2573 15.89244622  1799
STARLINK BC
1 45581U 20025BC  20120.66667824  .02775072  53601-2  81532-2 0  9990
2 45581  53.0080   5.6583 0071446  76.6604  68.9512 15.88919013  1792
STARLINK BD
1 45582U 20025BD  20120.66667824  .02716278  49853-2  80719-2 0  9994
2 45582  53.0076   5.6674 0071303  76.6746  64.9732 15.88643748  1797
STARLINK BE
1 45583U 20025BE  20120.66667824  .02770871  53318-2  81024-2 0  9995
2 45583  53.0075   5.6623 0072330  76.6934  67.6887 15.88894971  1798
STARLINK BF
1 45584U 20025BF  20120.66667824  .02751532  52417-2  79990-2 0  9997
2 45584  53.0082   5.6558 0071360  76.5976  70.5189 15.89095132  1792
STARLINK BG
1 45585U 20025BG  20120.66667824  .02736760  51245-2  80463-2 0  9999
2 45585  53.0082   5.6619 0071569  76.8359  67.4201 15.88839080  1797
STARLINK BH
1 45586U 20025BH  20120.66667824  .02890182  61059-2  85578-2 0  9995
2 45586  53.0083   5.6586 0071341  76.6730  69.3240 15.88955682  1792
STARLINK BJ
1 45587U 20025BJ  20120.66667824  .02790104  54850-2  81121-2 0  9990
2 45587  53.0083   5.6530 0071120  76.5742  72.0617 15.89175457  1793
STARLINK BK
1 45588U 20025BK  20120.70521605 -.00614812  12463-3 -16529-2 0  9998
2 45588  53.0063   5.4451 0073230  77.6723 283.2487 15.88969413  1790
STARLINK BL
1 45589U 20025BL  20120.66667824  .02684251  48063-2  79731-2 0  9990
2 45589  53.0075   5.6684 0071229  76.8402  64.1416 15.88620493  1795
STARLINK BM
1 45590U 20025BM  20120.70532263 -.00324881  43933-4 -87376-3 0  9993
2 45590  53.0067   5.4469 0071274  77.6986 283.2006 15.89080771  1792
FALCON 9 DEB
1 45591U 20025BN  20121.13278714  .00426990  11364-4  45964-3 0  9992
2 45591  53.0082   3.1262 0099805  79.5193 281.7064 15.99741856  1175
FALCON 9 DEB
1 45592U 20025BP  20121.19250909  .00413906  11382-4  44265-3 0  9991
2 45592  53.0073   2.7824 0095143  81.2608 279.9183 16.00594690  1184
FALCON 9 DEB
1 45593U 20025BQ  20121.18791798  .00428869  11410-4  43748-3 0  9998
2 45593  53.0065   2.7458 0091827  78.5321 282.6004 16.01766134  1183
FALCON 9 DEB
1 45594U 20025BR  20121.18823869  .00415111  11402-4  42872-3 0  9998
2 45594  53.0068   2.7477 0093052  79.0679 282.0803 16.01406085  1189